Number of atoms: 4, Charge: 0
Atomic Number: 1, X: 0, Y: 0, Z: 0
Atomic Number: 6, X: 2.0787, Y: 0, Z: 0
Atomic Number: 6, X: 4.3653, Y: 0, Z: 0
Atomic Number: 1, X: 6.444, Y: 0, Z: 0
Number of basis functions: 10
Number of electrons: 10
Number of basis functions: 10
Number of electrons: 10
Basis function center:         0        0        0

Angular momentum:         0        0        0

Exponents: 3.42525 0.623914 0.168855 
Coefficients: 0.154329 0.535328 0.444635 
Basis function center:    2.0787        0        0

Angular momentum:         0        0        0

Exponents: 71.6168 13.0451 3.53051 
Coefficients: 0.154329 0.535328 0.444635 
Basis function center:    2.0787        0        0

Angular momentum:         1        0        0

Exponents: 71.6168 13.0451 3.53051 
Coefficients: 0.154329 0.535328 0.444635 
Basis function center:    2.0787        0        0

Angular momentum:         0        1        0

Exponents: 71.6168 13.0451 3.53051 
Coefficients: 0.154329 0.535328 0.444635 
Basis function center:    2.0787        0        0

Angular momentum:         0        0        1

Exponents: 71.6168 13.0451 3.53051 
Coefficients: 0.154329 0.535328 0.444635 
Basis function center:    4.3653        0        0

Angular momentum:         0        0        0

Exponents: 71.6168 13.0451 3.53051 
Coefficients: 0.154329 0.535328 0.444635 
Basis function center:    4.3653        0        0

Angular momentum:         1        0        0

Exponents: 71.6168 13.0451 3.53051 
Coefficients: 0.154329 0.535328 0.444635 
Basis function center:    4.3653        0        0

Angular momentum:         0        1        0

Exponents: 71.6168 13.0451 3.53051 
Coefficients: 0.154329 0.535328 0.444635 
Basis function center:    4.3653        0        0

Angular momentum:         0        0        1

Exponents: 71.6168 13.0451 3.53051 
Coefficients: 0.154329 0.535328 0.444635 
Basis function center:    6.4440        0        0

Angular momentum:         0        0        0

Exponents: 3.42525 0.623914 0.168855 
Coefficients: 0.154329 0.535328 0.444635 
Overlap matrix size: 10 x 10
Overlap matrix:
   1.0742e+01   1.0915e-01  -3.5627e-02            0            0   8.3599e-03  -4.1423e-03            0            0   1.8361e-01
   1.0915e-01   1.1236e-01            0            0            0   5.7739e-06  -1.7553e-05            0            0   8.3599e-03
  -3.5627e-02            0   5.2119e-02            0            0   1.7553e-05  -5.0458e-05            0            0   4.1423e-03
            0            0            0   5.2119e-02            0            0            0   2.8852e-06            0            0
            0            0            0            0   5.2119e-02            0            0            0   2.8852e-06            0
   8.3599e-03   5.7739e-06   1.7553e-05            0            0   1.1236e-01            0            0            0   1.0915e-01
  -4.1423e-03  -1.7553e-05  -5.0458e-05            0            0            0   5.2119e-02            0            0   3.5627e-02
            0            0            0   2.8852e-06            0            0            0   5.2119e-02            0            0
            0            0            0            0   2.8852e-06            0            0            0   5.2119e-02            0
   1.8361e-01   8.3599e-03   4.1423e-03            0            0   1.0915e-01   3.5627e-02            0            0   1.0742e+01
Constructor: Overlap matrix size: 10 x 10
Constructor: Diagonal energies size: 10
Hamiltonian Matrix:
  -1.3600e+01  -3.3428e+00   7.7934e-01            0            0  -2.5602e-01   9.0614e-02            0            0  -4.3699e+00
  -3.3428e+00  -2.1400e+01            0            0            0  -2.1623e-04   5.0377e-04            0            0  -2.5602e-01
   7.7934e-01            0  -1.1400e+01            0            0  -5.0377e-04   1.0066e-03            0            0  -9.0614e-02
            0            0            0  -1.1400e+01            0            0            0  -5.7560e-05            0            0
            0            0            0            0  -1.1400e+01            0            0            0  -5.7560e-05            0
  -2.5602e-01  -2.1623e-04  -5.0377e-04            0            0  -2.1400e+01            0            0            0  -3.3428e+00
   9.0614e-02   5.0377e-04   1.0066e-03            0            0            0  -1.1400e+01            0            0  -7.7934e-01
            0            0            0  -5.7560e-05            0            0            0  -1.1400e+01            0            0
            0            0            0            0  -5.7560e-05            0            0            0  -1.1400e+01            0
  -4.3699e+00  -2.5602e-01  -9.0614e-02            0            0  -3.3428e+00  -7.7934e-01            0            0  -1.3600e+01
Hamiltonian matrix
  -1.3600e+01  -3.3428e+00   7.7934e-01            0            0  -2.5602e-01   9.0614e-02            0            0  -4.3699e+00
  -3.3428e+00  -2.1400e+01            0            0            0  -2.1623e-04   5.0377e-04            0            0  -2.5602e-01
   7.7934e-01            0  -1.1400e+01            0            0  -5.0377e-04   1.0066e-03            0            0  -9.0614e-02
            0            0            0  -1.1400e+01            0            0            0  -5.7560e-05            0            0
            0            0            0            0  -1.1400e+01            0            0            0  -5.7560e-05            0
  -2.5602e-01  -2.1623e-04  -5.0377e-04            0            0  -2.1400e+01            0            0            0  -3.3428e+00
   9.0614e-02   5.0377e-04   1.0066e-03            0            0            0  -1.1400e+01            0            0  -7.7934e-01
            0            0            0  -5.7560e-05            0            0            0  -1.1400e+01            0            0
            0            0            0            0  -5.7560e-05            0            0            0  -1.1400e+01            0
  -4.3699e+00  -2.5602e-01  -9.0614e-02            0            0  -3.3428e+00  -7.7934e-01            0            0  -1.3600e+01
X_mat (S^(-1/2))
   3.0546e-01  -2.7652e-02   1.3714e-02  -9.0150e-17  -8.1823e-17  -1.6830e-03   1.8132e-03   2.0056e-16  -4.2593e-17  -2.5874e-03
  -2.7652e-02   2.9981e+00  -8.3579e-03   2.1722e-16   3.6939e-16   1.9394e-03  -6.5762e-05   1.5528e-15   9.5633e-16  -1.6830e-03
   1.3714e-02  -8.3579e-03   4.3854e+00  -1.5667e-16  -3.0870e-16   6.5762e-05   3.3681e-03   2.5508e-16  -8.5722e-17  -1.8132e-03
  -9.0150e-17   2.1722e-16  -1.5667e-16   4.3803e+00  -1.5787e-15  -9.6048e-17   2.9808e-18  -1.2124e-04  -1.4998e-15  -1.1450e-19
  -8.1823e-17   3.6939e-16  -3.0870e-16  -1.3684e-15   4.3803e+00   2.1682e-16   2.1153e-16  -4.4249e-17  -1.2124e-04  -7.4171e-19
  -1.6830e-03   1.9394e-03   6.5762e-05  -9.6048e-17   2.1682e-16   2.9981e+00   8.3579e-03   1.0495e-14   6.1396e-15  -2.7652e-02
   1.8132e-03  -6.5762e-05   3.3681e-03   2.9808e-18   2.1153e-16   8.3579e-03   4.3854e+00   6.5116e-15   2.0024e-15  -1.3714e-02
   2.0056e-16   1.5528e-15   2.5508e-16  -1.2124e-04  -1.1060e-16   1.0495e-14   6.5116e-15   4.3803e+00  -6.9789e-16  -1.4516e-16
  -4.2593e-17   9.5633e-16  -8.5722e-17  -1.3397e-15  -1.2124e-04   6.1396e-15   2.0024e-15  -6.8168e-16   4.3803e+00  -4.4611e-17
  -2.5874e-03  -1.6830e-03  -1.8132e-03  -1.1450e-19  -7.4171e-19  -2.7652e-02  -1.3714e-02  -1.4516e-16  -4.4611e-17   3.0546e-01
MO coefficients (C Matrix): 
  -1.1070e-02  -8.6859e-03   6.5405e-15  -1.7646e-14   2.9117e-15  -1.5697e-14   1.9130e-02   1.6808e-02  -2.1430e-01  -2.1794e-01
   6.1496e-02   6.3409e-02  -4.1619e-14   1.2227e-13  -7.1900e-15   1.0198e-13  -2.1202e+00  -2.1176e+00   3.4454e-02   3.0719e-02
  -3.1024e+00  -3.0976e+00   2.3947e-12  -6.7300e-12   1.1708e-12  -6.0697e-12  -7.8317e-02  -7.5545e-02  -1.2093e-02  -1.6063e-02
   1.1344e-13  -8.2571e-13   3.1902e-01   3.0810e+00  -5.9009e-01  -3.0405e+00   1.4170e-15   3.6786e-15  -7.1302e-18  -3.5824e-18
  -1.3720e-13  -6.3355e-13  -3.0810e+00   3.1902e-01   3.0405e+00  -5.9009e-01   1.0262e-14   5.0858e-15  -6.1263e-18  -3.2455e-18
  -6.1496e-02   6.3409e-02  -1.0672e-14   9.6202e-14   8.4214e-15   7.7173e-14  -2.1202e+00   2.1176e+00   3.4454e-02  -3.0719e-02
  -3.1024e+00   3.0976e+00  -2.5721e-12   9.8935e-12  -1.3786e-12   9.0659e-12   7.8317e-02  -7.5545e-02   1.2093e-02  -1.6063e-02
  -3.0175e-12   1.5202e-11  -3.1902e-01  -3.0810e+00  -5.9009e-01  -3.0405e+00   1.4989e-13  -1.0445e-13  -1.4659e-16   1.0247e-16
  -6.3839e-13   6.0208e-12   3.0810e+00  -3.1902e-01   3.0405e+00  -5.9009e-01   8.8396e-14  -4.9866e-14  -1.4734e-16  -1.4657e-16
   1.1070e-02  -8.6859e-03   6.9255e-15  -2.8005e-14   3.6370e-15  -2.5598e-14   1.9130e-02  -1.6808e-02  -2.1430e-01   2.1794e-01
MO overlap matrix:
   1.0000e+00   1.4762e-17  -3.2501e-17   1.7052e-15  -2.1068e-16   1.6654e-15   2.1779e-15  -2.1824e-15   4.4865e-16   5.4408e-16
   5.6106e-17   1.0000e+00   5.4827e-16  -1.5775e-15   3.8298e-16  -1.6611e-15  -1.9494e-15   1.9325e-15  -2.6219e-16  -3.3983e-16
  -3.2501e-17   5.4827e-16   1.0000e+00  -2.8843e-16  -3.5494e-16   1.7594e-18  -1.5595e-15   1.1069e-15   5.7021e-18   4.4081e-17
   1.7052e-15  -1.5775e-15  -3.0272e-16   1.0000e+00  -6.4474e-16  -3.2358e-17   3.5729e-15  -2.6655e-15   3.6746e-16   4.7554e-16
  -2.1068e-16   3.8298e-16  -3.5411e-16  -6.4335e-16   1.0000e+00  -5.1830e-17  -1.6025e-15   6.6316e-16   2.4431e-16   3.0092e-16
   1.6654e-15  -1.6611e-15  -3.9736e-18  -1.5159e-17  -6.6307e-17   1.0000e+00   3.7849e-15  -2.5150e-15   1.3313e-16   2.4582e-16
   2.1796e-15  -1.9490e-15  -1.5595e-15   3.5729e-15  -1.6025e-15   3.7849e-15   1.0000e+00  -2.7682e-15  -1.4335e-15  -1.2579e-15
  -2.1840e-15   1.9370e-15   1.1069e-15  -2.6655e-15   6.6316e-16  -2.5150e-15  -2.7553e-15   1.0000e+00   9.9456e-16   8.3543e-16
   4.5091e-16  -2.6319e-16   5.7021e-18   3.6746e-16   2.4431e-16   1.3313e-16  -1.4359e-15   9.8003e-16   1.0000e+00   3.7496e-16
   5.4260e-16  -3.3611e-16   4.4081e-17   4.7554e-16   3.0092e-16   2.4582e-16  -1.2539e-15   8.3877e-16   2.9372e-16   1.0000e+00
Nuclear repulsion energy: 24.4209
The molecule in file /Users/nematsfolder/chem279/homework3/sample_input/C2H2.txt has energy -1674.856077
Eigenvalues of the overlap matrix S:
  -2.1946e+02
  -2.1887e+02
  -2.1874e+02
  -2.1874e+02
  -2.1872e+02
  -2.1872e+02
  -1.9198e+02
  -1.9162e+02
  -1.5912e+00
  -8.2826e-01
